3
0.000165 0.677249 0.944956
0.659440 0.992681 0.007182
0.453758 0.927892 0.104377
0.061289 0.994990 0.526994
0.936511 0.168224 0.414295
0.252401 0.401954 0.769455
0.066737 0.943408 0.375937
0.237457 0.335535 0.919810
0.836833 0.363770 0.449293
0.911520 0.387985 0.188307
0.245661 0.526979 0.793585
0.448575 0.417114 0.522791
0.666666 0.588047 0.110844
0.563659 0.132840 0.838503
0.459493 0.633913 0.244520
0.160881 0.707695 0.710120
0.614376 0.348170 0.740375
0.549182 0.490574 0.445380
0.541961 0.925710 0.076411
0.398069 0.522932 0.382211
0.352023 0.172016 0.932431
0.978520 0.036583 0.240499
0.845905 0.217506 0.412200
0.901971 0.445028 0.107252
0.188967 0.741402 0.494026
0.121346 0.425347 0.978270
0.316657 0.334890 0.609843
0.318727 0.884256 0.246653
0.735015 0.485857 0.450820
0.396598 0.674440 0.550001
0.754457 0.332276 0.442015
0.385683 0.345677 0.873124
0.683291 0.253853 0.587770
0.355609 0.211185 0.998406
0.587305 0.492740 0.583112
0.516566 0.701338 0.217917
0.335723 0.123071 0.977748
0.596514 0.569489 0.323992
0.104551 0.597871 0.760244
0.368843 0.340431 0.775734
0.820772 0.311474 0.628114
0.982996 0.020503 0.584002
0.566296 0.263470 0.749831
0.273800 0.742705 0.252248
0.177991 0.681660 0.537520
0.843059 0.183800 0.606863
0.865617 0.061324 0.601516
0.230448 0.575611 0.487224
0.511695 0.564839 0.504125
0.411119 0.868774 0.305074
0.212562 0.719564 0.543907
0.711203 0.046580 0.798827
0.470971 0.289899 0.655355
0.073323 0.836735 0.584884
0.668126 0.188254 0.609760
0.378619 0.614879 0.574291
0.593621 0.612080 0.681997
0.041671 0.645255 0.678020
0.515312 0.329262 0.640229
0.262258 0.349039 0.785979
0.295644 0.467587 0.643995
0.371169 0.925620 0.354685
0.252978 0.686044 0.401235
0.242899 0.468108 0.916512
0.459517 0.745145 0.348792
0.737285 0.475997 0.273755
0.701155 0.071517 0.630410
0.174560 0.749432 0.411634
0.486696 0.436566 0.636692
0.274023 0.183376 0.857810
0.915078 0.064184 0.609991
0.510593 0.068490 0.921068
0.949811 0.158470 0.614226
0.650192 0.350477 0.493591
0.107725 0.471319 0.728102
0.653185 0.843791 0.242811
0.529590 0.258878 0.488564
0.619565 0.720848 0.211390
0.406663 0.283485 0.796847
0.496774 0.878916 0.098394
0.242988 0.651191 0.670478
0.896866 0.419220 0.258988
0.656367 0.377082 0.367968
0.657125 0.661714 0.179692
0.029485 0.955598 0.563884
0.901625 0.389116 0.296424
0.415922 0.423008 0.815405
0.062342 0.792372 0.634482
0.383934 0.756829 0.325333
0.501716 0.596332 0.470466
0.057739 0.745879 0.646066
0.272552 0.438699 0.500539
0.768901 0.094379 0.609262
0.067429 0.905321 0.370570
0.059477 0.696592 0.694832
0.021412 0.406602 0.994245
0.813558 0.390554 0.433178
0.040588 0.684329 0.715212
0.511961 0.533622 0.619052
0.622153 0.585892 0.259334
0.147691 0.958029 0.449711
0.445984 0.477807 0.579026
0.922243 0.465827 0.132592
0.418689 0.651581 0.465650
0.709977 0.274596 0.609479
0.649792 0.445065 0.706650
0.198864 0.381059 0.914722
0.882417 0.087102 0.383290
0.659065 0.866355 0.048834
0.162736 0.788516 0.439669
0.256181 0.545623 0.600758
0.769700 0.702417 0.084437
0.279332 0.986850 0.149891
0.323667 0.817845 0.406843
0.493409 0.725744 0.272205
0.009444 0.626631 0.964609
0.598569 0.446646 0.517345
0.565291 0.484276 0.508359
0.722090 0.718667 0.385567
0.666320 0.600628 0.323133
0.877652 0.059725 0.604075
0.424685 0.457290 0.712205
0.667854 0.255896 0.644840
0.832020 0.520729 0.240362
0.155789 0.521772 0.515339
0.582395 0.548421 0.125717
0.698310 0.258143 0.537427
0.122402 0.637965 0.846734
0.253905 0.754535 0.736619
0.077168 0.586114 0.961589
0.572332 0.568956 0.408590
0.869887 0.029723 0.618863
0.318509 0.758791 0.370379
0.205264 0.428999 0.806968
0.887101 0.415762 0.378411
0.570501 0.206494 0.587296
0.406475 0.310569 0.659193
0.931392 0.259975 0.166743
0.068482 0.531656 0.615507
0.823184 0.354373 0.467763
0.281045 0.644939 0.631347
0.651870 0.608843 0.337066
0.306921 0.629766 0.336647
0.810894 0.307283 0.496178
0.112978 0.881775 0.270440
0.550158 0.185574 0.509059
0.709488 0.100871 0.599667
0.980511 0.042845 0.571092
0.693334 0.408553 0.388468
0.697582 0.567494 0.169329
0.093183 1.000000 0.500396
0.766230 0.454656 0.355150
0.254639 0.983109 0.298015
0.777980 0.570514 0.188803
0.719330 0.182183 0.678680
0.745693 0.000167 0.859589
0.177286 0.779550 0.542318
0.279905 0.203045 0.812680
0.210159 0.847218 0.500165
0.356670 0.403587 0.609758
0.069217 0.455810 0.833380
0.389238 0.194854 0.846465
0.550455 0.517340 0.292290
0.604600 0.166293 0.694444
0.438450 0.082905 0.812169
0.289293 0.476607 0.783820
0.997803 0.468053 0.224156
0.221488 0.180515 0.978858
0.743091 0.125611 0.326448
0.210548 0.785993 0.590589
0.157299 0.705133 0.513423
0.401851 0.197498 0.843506
0.409419 0.776066 0.455727
0.440925 0.009990 0.939185
0.918591 0.264298 0.314186
0.936871 0.420223 0.286140
0.344100 0.982563 0.195057
0.402141 0.157794 0.910896
0.968588 0.243687 0.289574
0.418238 0.753776 0.357576
0.647781 0.072445 0.845828
0.943504 0.548284 0.090607
0.588771 0.705692 0.177614
0.934513 0.704058 0.037664
0.152073 0.873666 0.691698
0.308379 0.312892 0.948935
0.218931 0.847484 0.251311
0.490526 0.444613 0.617420
0.273646 0.442841 0.741928
0.942338 0.007384 0.576768
0.513227 0.187813 0.739522
0.323230 0.744829 0.289102
0.358587 0.803254 0.382983
0.625627 0.399635 0.601621
0.300292 0.482539 0.832504
0.606241 0.349033 0.561834
0.361415 0.871227 0.309802
0.648338 0.440825 0.470326
0.585712 0.534297 0.446894
0.540353 0.357582 0.687509
0.517044 0.627820 0.117480
0.680525 0.305720 0.408979
0.980689 0.108278 0.390832
0.877139 0.213761 0.390887
0.144459 0.845289 0.679126
0.364250 0.074541 0.992172
0.255832 0.781767 0.445460
0.234478 0.817455 0.457937
0.742950 0.755135 0.036382
0.935008 0.213529 0.226611
0.047076 0.643485 0.660770
0.432404 0.227467 0.940738
0.621035 0.029977 0.893486
0.596340 0.143800 0.616740
0.767257 0.479489 0.370469
0.397205 0.456096 0.720704
0.898095 0.317575 0.212062
0.280569 0.683004 0.377778
0.687340 0.302787 0.392836
0.511421 0.687704 0.254421
0.825178 0.463527 0.293482
0.611345 0.798450 0.098188
0.325183 0.982018 0.342073
0.586638 0.569389 0.474749
0.203090 0.384728 0.835907
0.209007 0.311023 0.988356
0.643820 0.339928 0.452206
0.283526 0.738712 0.624021
0.171234 0.949545 0.353988
0.188627 0.845863 0.454346
0.118683 0.418893 0.799804
0.043384 0.932578 0.483262
0.715908 0.368997 0.618484
0.117736 0.783484 0.594884
0.753467 0.572587 0.117159
0.256768 0.708891 0.358496
0.665384 0.408492 0.160322
0.494624 0.852541 0.465785
0.130201 0.451511 0.652007
0.410176 0.773855 0.336679
0.151053 0.704805 0.774102
0.621250 0.272930 0.602397
0.607358 0.125757 0.967784
0.580533 0.095620 0.721390
0.678279 0.232333 0.645589
0.984597 0.127338 0.512438
0.796831 0.281661 0.040134
0.988165 0.649938 0.048583
0.836660 0.006793 0.764850
0.350075 0.678416 0.304986
0.935971 0.264975 0.175268
0.669888 0.366531 0.581478
0.552029 0.447629 0.414908
0.700567 0.325077 0.473205
0.841832 0.085675 0.417882
0.997918 0.081984 0.543532
0.684632 0.185353 0.481147
0.176343 0.704233 0.531430
0.555875 0.632930 0.242355
0.541478 0.295261 0.584994
0.655024 0.212617 0.519591
0.970127 0.161585 0.415474
0.319782 0.466136 0.655508
0.491812 0.824685 0.118648
0.241709 0.973693 0.383672
0.277981 0.465244 0.947244
0.585922 0.573975 0.431026
0.285482 0.548411 0.847372
0.570347 0.552449 0.438636
0.619778 0.286200 0.539796
0.651156 0.262786 0.681914
0.394304 0.048987 0.973811
0.569268 0.430960 0.549279
0.357471 0.875842 0.565043
0.148147 0.467949 0.706064
0.817777 0.370783 0.464253
0.532885 0.932742 0.150441
0.508962 0.084354 0.959252
0.478470 0.315036 0.573037
0.762835 0.514273 0.342564
0.315489 0.472946 0.769966
0.591025 0.262136 0.569979
0.811480 0.022868 0.676407
0.175406 0.906442 0.392963
0.613637 0.933784 0.118998
0.134034 0.726261 0.771660
0.519656 0.491321 0.421465
0.697442 0.315599 0.479373
0.623186 0.428805 0.525340
0.783703 0.592409 0.146509
0.734757 0.162944 0.598761
0.022329 0.643260 0.867579
0.951134 0.166438 0.404754
0.416323 0.893166 0.223925
0.162089 0.752188 0.689369
0.666904 0.356315 0.339268
0.154096 0.969913 0.169047
0.311058 0.919435 0.527291
0.300438 0.401673 0.911571
0.710784 0.204730 0.322871
0.316865 0.911437 0.290264
0.664243 0.299822 0.476134
0.383654 0.228114 0.706521
0.343748 0.637938 0.385911
0.483182 0.132675 0.805909
0.788956 0.079400 0.339427
0.417104 0.387798 0.562360
0.419645 0.617916 0.221852
0.041638 0.609338 0.786881
0.501673 0.782601 0.185951
0.778980 0.711915 0.114787
0.457724 0.364428 0.687952
0.567038 0.722241 0.345736
0.671987 0.257209 0.612863
0.385785 0.519853 0.799561
0.107105 0.670444 0.550863
0.492642 0.201063 0.704119
0.573670 0.532369 0.395641
0.288412 0.495075 0.673698
0.173114 0.951217 0.376168
0.281431 0.681551 0.510142
0.477794 0.344117 0.569606
0.328696 0.316038 0.979984
0.051532 0.700623 0.706484
0.894585 0.283038 0.179424
0.559571 0.241957 0.738973
0.451753 0.298607 0.654198
0.769977 0.516874 0.153558
0.611802 0.840513 0.011797
0.379692 0.607278 0.566466
0.760797 0.518965 0.411158
0.725877 0.498630 0.313593
0.560738 0.449517 0.509042
0.229836 0.901407 0.239409
0.537551 0.670730 0.332959
0.376310 0.607143 0.480583
0.646732 0.536921 0.116845
0.671543 0.292441 0.514566
0.118904 0.706902 0.699513
0.881588 0.180807 0.283039
0.523837 0.876474 0.029447
0.600339 0.235615 0.754637
0.090266 0.255209 0.904161
0.695713 0.368244 0.597283
0.688327 0.583502 0.304948
0.078972 0.834513 0.488893
0.642364 0.425249 0.339247
0.608325 0.090510 0.896096
0.147173 0.916540 0.334040
0.975349 0.306639 0.387547
0.399088 0.182967 0.666125
0.285829 0.652718 0.548881
0.323180 0.641398 0.461675
0.441831 0.393514 0.704449
0.394362 0.677229 0.522327
0.318490 0.409108 0.855223
0.821824 0.125500 0.478229
0.448869 0.390602 0.584602
0.633005 0.421688 0.278179
0.201146 0.937101 0.329169
0.526583 0.684000 0.360603
0.865544 0.169363 0.437332
0.462830 0.389680 0.572550
0.763968 0.555912 0.240401
0.024595 0.824099 0.680118
0.390458 0.180156 0.906770
0.789406 0.548219 0.223499
0.833636 0.078351 0.492833
0.579717 0.435108 0.562325
0.501349 0.244942 0.664821
0.490995 0.288565 0.829436
0.394629 0.542751 0.634624
0.233963 0.897626 0.465792
0.990611 0.728495 0.143174
0.688147 0.489130 0.190808
0.567788 0.247174 0.374449
0.271964 0.419154 0.872498
0.793704 0.824218 0.075836
0.112842 0.578041 0.711851
0.969939 0.157054 0.388921
0.232429 0.537411 0.934341
0.133085 0.617286 0.499463
0.234201 0.266415 0.951934
0.656512 0.567961 0.022589
0.517298 0.643703 0.169066
0.956448 0.126902 0.409100
0.436143 0.677658 0.607395
0.413854 0.477800 0.635849
0.402869 0.745625 0.505961
0.365716 0.408925 0.722843
0.925028 0.376124 0.225005
0.421213 0.723932 0.523321
0.839369 0.375037 0.321168
0.103932 0.990783 0.394547
0.556181 0.563887 0.382835
0.188271 0.889026 0.248663
0.842648 0.102020 0.741691
0.608816 0.530207 0.407849
0.555860 0.462506 0.641685
0.848093 0.416666 0.145179
0.907503 0.462549 0.047626
0.504544 0.777840 0.500757
0.204713 0.543560 0.845350
0.684808 0.243890 0.488342
0.409599 0.368493 0.708241
0.091575 0.940525 0.362117
0.357937 0.266250 0.706390
0.087825 0.892601 0.335481
0.504127 0.323444 0.535119
0.175264 0.428254 0.796004
0.152219 0.688067 0.834278
0.298901 0.537467 0.647879
0.147911 0.370064 0.892250
0.348354 0.769325 0.300290
0.697678 0.674964 0.036940
0.396241 0.445491 0.667187
0.320079 0.649712 0.564185
0.980534 0.437283 0.210291
0.497759 0.099409 0.911455
0.861728 0.312226 0.244045
0.832524 0.179138 0.411061
0.352937 0.837476 0.272421
0.767664 0.771059 0.061500
0.110004 0.638206 0.609025
0.308712 0.973950 0.106257
0.276630 0.306114 0.966690
0.511318 0.422344 0.638554
0.393473 0.503344 0.418096
0.807412 0.490019 0.109376
0.554043 0.815298 0.236155
0.641879 0.101133 0.670209
0.433293 0.240897 0.787271
0.038896 0.881822 0.906044
0.100071 0.673655 0.802567
0.669694 0.049280 0.900442
0.854590 0.659392 0.065298
0.814640 0.177519 0.765598
0.194976 0.369283 0.748808
0.889485 0.493864 0.029727
0.825421 0.480541 0.342485
0.805802 0.449341 0.345042
0.395737 0.825426 0.442045
0.445887 0.208324 0.953142
0.384499 0.316016 0.602715
0.659304 0.208209 0.739845
0.241835 0.662331 0.371335
0.342104 0.639085 0.846791
0.679940 0.462765 0.324528
0.173246 0.716028 0.617792
0.679169 0.911003 0.013467
0.503691 0.283136 0.513948
0.817102 0.677402 0.020635
0.478585 0.283290 0.787852
0.490721 0.753194 0.280457
0.887346 0.271680 0.209896
0.465177 0.440977 0.491096
0.483307 0.896620 0.054374
0.776949 0.348431 0.190243
0.298006 0.607437 0.591879
0.517000 0.131698 0.843765
0.264786 0.197093 0.805559
0.271730 0.492935 0.677354
0.139271 0.865656 0.482618
0.532859 0.120393 0.974408
0.650320 0.262210 0.611160
0.869888 0.494688 0.191674
0.687282 0.317511 0.504655
0.738956 0.494810 0.306980
0.428656 0.057165 0.747729
0.175130 0.624055 0.672286
0.277638 0.630810 0.685947
0.849038 0.113463 0.615502
0.577189 0.306193 0.548925
0.373705 0.130131 0.979681
0.667889 0.360651 0.337210
0.724956 0.071564 0.581597
0.244225 0.535802 0.844201
0.432559 0.557164 0.544717
0.612709 0.535240 0.512769
0.707945 0.637706 0.318515
0.528062 0.510989 0.518192
0.592782 0.678999 0.407660
0.561918 0.928927 0.107568
0.051377 0.614810 0.784858
0.533451 0.304025 0.891375
0.658099 0.402933 0.487727
0.858625 0.718622 0.111490
0.471840 0.524631 0.347725
0.576320 0.219338 0.726610
0.119848 0.864769 0.655336
0.518386 0.357984 0.554496
0.656945 0.219473 0.588720
0.656828 0.240987 0.756143
0.827078 0.756263 0.037971
0.525849 0.543601 0.457245
0.457198 0.796752 0.339204
0.844297 0.412917 0.458007
0.455418 0.117646 0.799598
0.487163 0.302714 0.689175
0.159850 0.536499 0.907140
0.986101 0.568036 0.327460
0.179027 0.554063 0.789779
0.258406 0.523503 0.771305
0.775357 0.124955 0.791893
0.459456 0.473874 0.527208
0.869068 0.546113 0.115515
0.731913 0.149133 0.544821
0.545837 0.251931 0.817991
0.401723 0.463756 0.765860
0.593002 0.252234 0.499563
0.415899 0.973433 0.069855
0.314414 0.143167 0.807257
0.383443 0.097292 0.944329
0.037480 0.578120 0.903287
0.553317 0.852586 0.264818
0.112297 0.598960 0.746136
0.220256 0.541260 0.833550
0.601350 0.195730 0.681667
0.207273 0.138859 0.960316
0.577432 0.352126 0.532840
0.001086 0.557317 0.854432
0.704092 0.345476 0.296606
0.571851 0.474329 0.646748
0.264629 0.331767 0.703067
0.864605 0.576665 0.127252
0.491886 0.693296 0.376415
0.570520 0.250325 0.513144
0.437860 0.883709 0.113029
0.640500 0.499070 0.469496
0.674509 0.273723 0.429933
0.563609 0.289210 0.597415
0.124060 0.344860 0.964492
0.420042 0.934608 0.201889
0.732493 0.425070 0.406814
0.813406 0.306491 0.397106
0.350048 0.716151 0.329147
0.074715 0.437458 0.948173
0.130678 0.928376 0.426312
0.755976 0.043554 0.793765
0.553264 0.602442 0.272674
0.562597 0.677094 0.279923
0.658822 0.155507 0.522881
0.692159 0.650764 0.244028
0.782806 0.297656 0.262312
0.434254 0.492247 0.509681
0.245197 0.524630 0.512235
0.675524 0.669986 0.015691
0.408349 0.860637 0.108152
0.586475 0.705207 0.158463
0.459424 0.336040 0.553862
0.019208 0.486989 0.924644
0.913545 0.252139 0.429573
0.212914 0.275730 0.836833
0.013608 0.815448 0.903786
0.766013 0.070373 0.581848
0.334918 0.717599 0.241444
0.439654 0.089668 0.970512
0.387186 0.281779 0.826139
0.558723 0.495907 0.518303
0.123348 0.294467 0.926659
0.445796 0.217969 0.940412
0.118956 0.581670 0.737413
0.444672 0.911166 0.328683
0.663403 0.485379 0.731617
0.872446 0.188636 0.490369
0.725932 0.435168 0.669562
0.687853 0.061341 0.483387
0.198320 0.486545 0.718324
0.887158 0.053200 0.275799
0.556268 0.377126 0.403200
0.065994 0.924173 0.673092
0.714459 0.081753 0.685598
0.918448 0.157828 0.485571
0.314121 0.571307 0.564974
0.753193 0.571549 0.403756
0.332346 0.745354 0.594411
0.102739 0.536701 0.742136
0.313830 0.562900 0.660186
0.830229 0.290062 0.245552
0.564960 0.630984 0.212682
0.950473 0.264130 0.362792
0.231218 0.732607 0.660951
0.674325 0.256622 0.250328
0.409496 0.518535 0.534703
0.513050 0.222474 0.662918
0.450151 0.438394 0.488017
0.583390 0.031846 0.875201
0.596394 0.434763 0.473012
0.671979 0.284971 0.474033
0.353028 0.587607 0.500290
0.910605 0.314363 0.221652
0.491803 0.564202 0.634869
0.606799 0.555704 0.609312
0.385423 0.521660 0.527815
0.297262 0.490557 0.585903
0.346892 0.921976 0.190082
0.202892 0.777331 0.382630
0.314387 0.461109 0.608957
0.592710 0.448743 0.521500
0.333935 0.290781 0.704682
0.127189 0.310606 0.942053
0.505841 0.902886 0.002444
0.384824 0.479097 0.673779
0.170834 0.684007 0.914050
0.654283 0.082183 0.942372
0.263423 0.735177 0.486776
0.412867 0.296216 0.661796
0.382525 0.260529 0.820841
0.150404 0.169853 0.984618
0.634014 0.359137 0.584703
0.505402 0.584652 0.445509
0.680744 0.822725 0.169787
0.609339 0.609178 0.261417
0.159333 0.661424 0.661293
0.024093 0.715194 0.827243
0.550248 0.439227 0.629207
0.380128 0.063849 0.986640
0.560629 0.963993 0.265001
0.054185 0.682331 0.751044
0.246642 0.542862 0.534511
0.620152 0.391422 0.385226
0.479123 0.833335 0.432092
0.448675 0.775051 0.271885
0.294897 0.512991 0.539355
0.270532 0.542664 0.808520
0.788650 0.423798 0.415374
0.873632 0.110746 0.475847
0.351529 0.204240 0.768468
0.716648 0.777281 0.071271
0.082127 0.772439 0.670055
0.486642 0.769386 0.301263
0.909532 0.210079 0.430351
0.451729 0.452256 0.858461
0.050609 0.792208 0.451394
0.477895 0.250883 0.752199
0.353293 0.524967 0.758901
0.645857 0.336339 0.588968
0.129539 0.823428 0.621696
0.708661 0.395700 0.379842
0.730624 0.452979 0.383566
0.871148 0.382837 0.486920
0.553855 0.381788 0.595258
0.159943 0.409445 0.841960
0.290140 0.937990 0.305478
0.322158 0.645192 0.473270
0.356747 0.952951 0.100738
0.363483 0.507701 0.542259
0.546194 0.448772 0.521793
0.121400 0.926699 0.220221
0.481850 0.549148 0.284277
0.706260 0.334643 0.387470
0.289346 0.871052 0.332337
0.277588 0.472199 0.763048
0.761167 0.089187 0.812062
0.838018 0.450724 0.335896
0.151584 0.524568 0.646341
0.544747 0.031839 0.896273
0.562232 0.655296 0.167925
0.752266 0.478814 0.222153
0.176087 0.755843 0.758807
0.678622 0.359250 0.411257
0.756581 0.553926 0.417952
0.452007 0.767007 0.199109
0.112965 0.774290 0.775837
0.495416 0.346165 0.711727
0.509630 0.055141 0.891596
0.583377 0.630908 0.230769
0.050889 0.529861 0.654907
0.550621 0.727713 0.012971
0.663775 0.398629 0.369556
0.221513 0.950800 0.389421
0.499090 0.577889 0.366598
0.937050 0.025200 0.509515
0.004210 0.589973 0.892234
0.696002 0.580125 0.264235
0.479931 0.388859 0.746777
0.201869 0.581534 0.710653
0.675588 0.591291 0.152325
0.151784 0.433748 0.963662
0.063721 0.462368 0.757965
0.813221 0.269277 0.172085
0.402367 0.358029 0.684348
0.611080 0.301483 0.523101
0.522559 0.135076 0.814557
0.383102 0.917699 0.035703
0.508329 0.410021 0.678207
0.410447 0.387745 0.644592
0.406908 0.427781 0.773258
0.630179 0.146395 0.754180
0.305948 0.546003 0.879366
0.215861 0.607555 0.815011
0.422846 0.664044 0.430988
0.166606 0.441402 0.801670
0.533269 0.506482 0.544433
0.507474 0.565802 0.273415
0.498097 0.634018 0.417817
0.630786 0.223086 0.625071
0.060498 0.514348 0.830870
0.402269 0.597013 0.618798
0.807057 0.346971 0.278618
0.443372 0.667838 0.311003
0.381865 0.445779 0.276865
0.687790 0.365740 0.591157
0.802352 0.630876 0.208172
0.393393 0.530862 0.745335
0.244545 0.502407 0.598287
0.604949 0.632150 0.261600
0.412791 0.888721 0.210234
0.610058 0.428583 0.595997
0.484756 0.782812 0.230216
0.536361 0.636617 0.293633
0.796617 0.248895 0.568728
0.710252 0.280901 0.428884
0.523377 0.320924 0.911775
0.440629 0.533459 0.326965
0.847711 0.207057 0.187240
0.314959 0.900870 0.354039
0.427934 0.469783 0.613333
1.000000 0.126108 0.347508
0.099171 0.921079 0.361061
0.905096 0.170864 0.516756
0.168549 0.881460 0.419116
0.215745 0.202923 0.832045
0.812928 0.360696 0.474336
0.144562 0.589283 0.676092
0.577253 0.315023 0.495536
0.309091 0.501617 0.901237
0.760445 0.506279 0.004756
0.593514 0.714829 0.093387
0.601406 0.283931 0.569016
0.590741 0.152388 0.382704
0.282035 0.415455 0.722849
0.257458 0.991619 0.300885
0.356829 0.328232 0.712282
0.471624 0.366840 0.705961
0.758694 0.383240 0.432222
0.641892 0.661393 0.431967
0.401328 0.397565 0.719962
0.940754 0.182489 0.245819
0.617233 0.753963 0.155041
0.981765 0.081800 0.284868
0.519118 0.202020 0.839951
0.731361 0.576771 0.358045
0.605581 0.591640 0.163946
0.242991 0.242113 0.926081
0.210487 0.714432 0.618174
0.350423 0.940834 0.202878
0.383682 0.717846 0.304206
0.352545 0.602641 0.684890
0.615204 0.432089 0.344560
0.975939 0.032406 0.437106
0.355786 0.173637 0.963833
0.779749 0.431525 0.326440
0.457456 0.978386 0.237980
0.700083 0.391209 0.316741
0.943385 0.052609 0.734058
0.295596 0.151603 0.961233
0.740515 0.580286 0.286430
0.641566 0.096635 0.788859
0.802651 0.133702 0.500874
0.415333 0.877175 0.075363
0.971553 0.475340 0.083666
0.291320 0.778900 0.545075
0.572798 0.551373 0.106639
0.048270 0.621647 0.740759
0.405165 0.882817 0.309744
0.875109 0.051380 0.602723
0.081088 0.839469 0.757362
0.844449 0.376654 0.140786
0.746291 0.493995 0.239771
0.833139 0.270002 0.656267
0.557252 0.982339 0.048865
0.500713 0.646953 0.350715
0.657762 0.162223 0.871057
0.027831 0.882180 0.617716
0.497988 0.228034 0.700454
0.384071 0.926640 0.117878
0.112772 0.664322 0.775602
0.080507 0.832971 0.481907
0.214266 0.578792 0.565471
0.604324 0.258729 0.449656
0.242995 0.528339 0.711088
0.737125 0.235976 0.474928
0.969460 0.031817 0.565283
0.520167 0.308088 0.619149
0.418018 0.495338 0.498778
0.867269 0.450539 0.038443
0.868991 0.162343 0.478099
0.204010 0.601510 0.913150
0.558967 0.572361 0.173761
0.106633 0.636263 0.672077
0.905176 0.277916 0.396813
0.766978 0.465132 0.045160
0.176980 0.811855 0.649820
0.629702 0.335536 0.695730
0.655975 0.232342 0.750011
0.867075 0.516728 0.285906
0.028856 0.852845 0.704083
0.516174 0.033641 0.842997
0.254077 0.344128 0.999765
0.674214 0.300533 0.370682
0.435729 0.706169 0.192896
0.390916 0.406063 0.730919
0.818478 0.442881 0.311444
0.155602 0.607098 0.833880
0.655901 0.152216 0.562899
0.285933 0.854982 0.343330
0.281841 0.981880 0.156012
0.101311 0.944506 0.259482
0.688366 0.411604 0.570053
0.986326 0.293155 0.288154
0.777147 0.576827 0.144041
0.456958 0.274058 0.547035
0.116004 0.436119 0.986031
0.203941 0.859954 0.252822
0.263830 0.278787 0.781513
0.630450 0.720751 0.090655
0.326768 0.349208 0.927729
0.417757 0.229806 0.789699
0.214632 0.519092 0.897483
0.338385 0.122451 0.954174
0.561293 0.163360 0.727842
0.487598 0.406234 0.413384
0.482159 0.239538 0.851913
0.360186 0.750319 0.437580
0.663732 0.477304 0.604259
0.050342 0.666364 0.731554
0.386115 0.435032 0.695017
0.138515 0.865413 0.614902
0.283283 0.743309 0.426020
0.812922 0.141166 0.699186
0.424637 0.707824 0.519649
0.917887 0.632263 0.119488
0.644229 0.588294 0.544623
0.595505 0.134949 0.781374
0.029620 0.794424 0.483578
0.805850 0.580848 0.288400
0.975730 0.241614 0.573928
0.030330 0.684864 0.877819
0.840387 0.324728 0.399924
0.098853 0.650302 0.861944
0.728364 0.288351 0.434114
0.317102 0.173167 0.907857
0.816189 0.527255 0.456957
0.473545 0.045704 0.768308
0.904677 0.250969 0.592596
0.655019 0.333414 0.529357
0.792621 0.332066 0.419792
0.924553 0.171122 0.277927
0.366009 0.233245 0.788661
0.518098 0.391529 0.703187
0.000319 0.484245 0.965944
0.746027 0.653086 0.233327
0.498917 0.238329 0.592097
0.276065 0.760758 0.442915
0.681481 0.114612 0.472232
0.550439 0.985274 0.066713
0.543493 0.802485 0.081833
0.096358 0.398758 0.985988
0.733303 0.116134 0.624136
0.469955 0.842617 0.390613
0.687893 0.259760 0.483864
0.180756 0.585879 0.740341
0.322228 0.529362 0.616107
0.481492 0.487436 0.415616
0.772289 0.219202 0.708484
0.974882 0.363641 0.196206
0.630881 0.824655 0.156406
0.410399 0.453674 0.451739
0.057554 0.590022 0.893461
0.464891 0.453537 0.479570
0.594265 0.324250 0.599863
0.135353 0.457897 0.876391
0.006555 0.377680 0.928288
0.331169 0.275987 0.905176
0.165972 0.480334 0.787019
0.473501 0.857274 0.112854
0.641043 0.477818 0.216285
0.685627 0.674125 0.089141
0.330224 0.107427 0.915108
0.942034 0.229752 0.422167
0.790394 0.147579 0.425126
0.561309 0.457798 0.398043
0.220144 0.390160 0.956770
0.354364 0.342116 0.955492
0.456476 0.601511 0.453920
0.516612 0.948520 0.109792
0.334273 0.190393 0.885336
0.299582 0.768222 0.505070
0.714732 0.265247 0.542649
0.355710 0.502703 0.461535
0.604136 0.517336 0.114405
0.653774 0.629676 0.028107
0.116156 0.608712 0.495333
0.236245 0.321186 0.972090
0.041016 0.513524 0.823501
0.830287 0.446372 0.318533
0.440673 0.397402 0.555468
0.710979 0.158986 0.704483
0.493918 0.439835 0.451521
0.538752 0.552618 0.462464
0.499935 0.452240 0.538228
0.843739 0.137955 0.500242
0.518454 0.480785 0.558239
0.514094 0.735460 0.274526
0.570483 0.244005 0.685993
0.658367 0.511025 0.423123
0.483989 0.112022 0.794373
0.234046 0.773220 0.399101
0.425263 0.607240 0.520218
0.504848 0.893862 0.001138
0.594621 0.721396 0.141167
0.017412 0.832525 0.441405
0.430422 0.531324 0.530133
0.294335 0.318007 0.977146
0.379662 0.683644 0.501727
0.308838 0.149684 0.998208
0.649664 0.488634 0.380002
0.999645 0.458711 0.219333
0.626666 0.444702 0.260283
0.848145 0.289925 0.149356
0.922036 0.230291 0.559126
0.388848 0.825407 0.404262
0.453207 0.730896 0.283023
0.780599 0.480459 0.445495
0.640814 0.074270 0.915356
0.267502 0.766547 0.611642
0.559802 0.323795 0.450170
0.705264 0.654590 0.206516
0.566624 0.656125 0.166847
0.835586 0.333765 0.326324
0.498890 0.498531 0.483078
0.396569 0.453891 0.368786
0.086710 0.319127 1.000000
0.297394 0.583516 0.757492
0.310140 0.676791 0.520620
0.461537 0.847086 0.296944
0.559187 0.021991 0.930049
0.729800 0.510050 0.242168
0.100884 0.479387 0.819388
0.015586 0.571610 0.880113
0.510037 0.550284 0.385084
0.331148 0.414243 0.851995
0.703224 0.446296 0.266544
0.684339 0.205201 0.545752
0.429712 0.301299 0.580476
0.244392 0.563727 0.692174
0.501234 0.319877 0.716740
0.763157 0.272663 0.579976
0.238413 0.896791 0.282967
0.357447 0.423415 0.743115
0.245938 0.853177 0.249861
0.265040 0.353281 0.943650
0.972682 0.180587 0.606891
0.588346 0.256518 0.475135
0.885542 0.125041 0.530474
0.427714 0.568305 0.332021
0.649627 0.853463 0.009004
0.281901 0.355454 0.972844
0.931541 0.035834 0.592671
0.376450 0.271691 0.648757
0.517725 0.002026 0.763430
0.640260 0.567825 0.155349
0.912770 0.403327 0.263158
0.383513 0.370335 0.872501
0.262685 0.537600 0.843894
0.218030 0.886152 0.463470
0.577108 0.571740 0.473738
0.485082 0.888045 0.103726
0.916372 0.289066 0.335276
0.622890 0.196611 0.725982
0.350870 0.296540 0.653465
0.731165 0.365385 0.335046
0.871035 0.294044 0.442566
0.658324 0.411835 0.456776
0.541345 0.625138 0.424036
0.253985 0.778392 0.397616
0.079576 0.609782 0.947913
0.430247 0.632330 0.245519
0.710938 0.242875 0.687074
0.420859 0.518926 0.522074
0.447403 0.163588 0.828383
0.447868 0.232544 0.567860
0.478579 0.764553 0.221209
0.768545 0.406214 0.163358
0.770560 0.265731 0.345031
0.403229 0.672480 0.362904
0.193339 0.584660 0.810856
0.778781 0.530228 0.226585
0.680125 0.925265 0.009144
0.347544 0.548104 0.749917
0.875042 0.188804 0.453800
0.989862 0.224362 0.186099
0.721108 0.813282 0.029904
0.859227 0.085229 0.474844
0.582608 0.441046 0.419027
0.750187 0.654854 0.200106
0.145366 0.647291 0.750126
0.829795 0.309391 0.252440
0.547026 0.986553 0.149614
