3
0.000168 0.680659 0.946464
0.670847 0.997680 0.007194
0.461607 0.932565 0.104543
0.062350 1.000000 0.527835
0.952711 0.169071 0.414957
0.256768 0.403978 0.770684
0.067892 0.948159 0.376537
0.241564 0.337224 0.921279
0.851309 0.365602 0.450011
0.927288 0.389939 0.188607
0.249911 0.529633 0.794852
0.456334 0.419215 0.523626
0.678198 0.591008 0.111021
0.573410 0.133509 0.839842
0.467441 0.637105 0.244910
0.163664 0.711259 0.711254
0.625004 0.349923 0.741558
0.558682 0.493044 0.446091
0.551336 0.930372 0.076533
0.404955 0.525566 0.382822
0.358112 0.172883 0.933920
0.995447 0.036767 0.240883
0.860538 0.218602 0.412858
0.917573 0.447269 0.107423
0.192235 0.745135 0.494815
0.123445 0.427489 0.979832
0.322134 0.336576 0.610817
0.324240 0.888709 0.247047
0.747729 0.488304 0.451540
0.403459 0.677836 0.550880
0.767508 0.333949 0.442721
0.392354 0.347418 0.874518
0.695110 0.255132 0.588709
0.361760 0.212249 1.000000
0.597464 0.495222 0.584043
0.525501 0.704870 0.218265
0.341530 0.123691 0.979309
0.606833 0.572357 0.324509
0.106359 0.600881 0.761458
0.375223 0.342145 0.776973
0.834970 0.313042 0.629117
1.000000 0.020606 0.584934
0.576092 0.264797 0.751028
0.278536 0.746445 0.252651
0.181070 0.685092 0.538378
0.857642 0.184726 0.607833
0.880590 0.061633 0.602477
0.234435 0.578510 0.488002
0.520547 0.567684 0.504930
0.418230 0.873149 0.305561
0.216239 0.723188 0.544775
0.723506 0.046815 0.800103
0.479117 0.291358 0.656402
0.074591 0.840949 0.585818
0.679684 0.189202 0.610733
0.385168 0.617975 0.575208
0.603889 0.615163 0.683086
0.042391 0.648504 0.679103
0.524226 0.330920 0.641252
0.266795 0.350797 0.787234
0.300758 0.469942 0.645024
0.377589 0.930281 0.355251
0.257354 0.689499 0.401876
0.247100 0.470465 0.917975
0.467466 0.748897 0.349349
0.750039 0.478394 0.274192
0.713284 0.071877 0.631417
0.177580 0.753206 0.412292
0.495115 0.438765 0.637709
0.278763 0.184300 0.859180
0.930907 0.064507 0.610965
0.519425 0.068835 0.922539
0.966240 0.159268 0.615206
0.661439 0.352242 0.494380
0.109589 0.473693 0.729265
0.664484 0.848040 0.243198
0.538751 0.260182 0.489344
0.630282 0.724478 0.211728
0.413698 0.284913 0.798120
0.505367 0.883342 0.098551
0.247191 0.654471 0.671548
0.912380 0.421331 0.259402
0.667721 0.378981 0.368555
0.668492 0.665047 0.179979
0.029995 0.960410 0.564784
0.917221 0.391075 0.296898
0.423117 0.425138 0.816707
0.063421 0.796362 0.635495
0.390575 0.760640 0.325852
0.510395 0.599334 0.471217
0.058737 0.749635 0.647098
0.277266 0.440908 0.501339
0.782202 0.094854 0.610235
0.068595 0.909880 0.371161
0.060506 0.700100 0.695942
0.021782 0.408650 0.995832
0.827631 0.392521 0.433869
0.041290 0.687776 0.716354
0.520816 0.536310 0.620040
0.632915 0.588842 0.259748
